============== NOSIMD

============== SIMD

716984.000000 -0.228142
-0.209249 -0.192982
-0.184138 -0.179796
-0.170712 -0.149858
-0.125935 -0.105322
-0.085053 -0.064405
-0.041415 -0.020414
-0.008852 -0.007923
-0.006712 -0.009948
-0.006537 -0.003443
-0.001381 0.008173
0.018578 0.034821
0.050584 0.054964
0.063284 0.055658
0.036268 0.019720
0.008920 -0.002101
-0.003180 0.014583
0.042805 0.069879
0.080225 0.044052
-0.046417 -0.092167
-0.092269 -0.065180
-0.017086 0.033220
0.072070 0.093235
0.086102 0.048936
-0.014678 -0.082989
-0.125006 -0.130319
-0.111248 -0.073717
-0.017635 0.037894
0.069162 0.074500
0.069000 0.063731
0.061833 0.061772
0.063265 0.066023
0.067084 0.058060
0.033852 0.001267
-0.022916 -0.026800
-0.025465 -0.044319
-0.078222 -0.093276
-0.063870 0.069315
0.148684 0.135993
0.142302 0.138363
0.124689 0.118144
0.105657 0.099310
0.088065 0.089526
0.098529 0.116577
0.146063 0.159473
0.140593 0.118269
0.115956 0.138920
0.177189 0.203244
0.216808 0.219106
0.234410 0.219827
0.188349 0.165907
0.142687 0.117904
0.099279 0.095818
0.111183 0.124743
0.126072 0.122023
0.112472 0.112910
0.124077 0.136068
0.136496 0.132016
0.131888 0.123698
0.096698 0.076154
0.069589 0.073418
0.071075 0.065871
0.065142 0.075865
0.095149 0.110189
0.118869 0.117221
0.107031 0.079982
702822.937500 -0.204720
-0.189527 -0.178432
-0.169226 -0.148641
-0.130298 -0.112587
-0.093258 -0.074590
-0.056217 -0.038087
-0.021970 -0.002581
0.005507 0.002413
0.000060 -0.004550
-0.007015 -0.010891
-0.019193 -0.020493
-0.012288 0.002850
0.016416 0.019927
0.026314 0.018951
-0.001393 -0.020179
-0.029713 -0.037815
-0.031847 -0.015340
0.013356 0.044712
0.046055 -0.023756
-0.093861 -0.103306
-0.086868 -0.046335
0.005693 0.051296
0.080844 0.088930
0.068864 0.019426
-0.048832 -0.107545
-0.131756 -0.124162
-0.097180 -0.051531
0.006673 0.052063
0.069744 0.069020
0.064059 0.061033
0.060689 0.061513
0.064628 0.067301
0.064256 0.047733
0.017390 -0.013558
